Absolute Permeability = 3107.094539659606653


0.23877114693465995021	40000	4.7249653527703317491e-06	0.99945429407204067207
0.23877270170472397748	39900	4.7249653527703317491e-06	0.99945158089405761181
0.238774268208876983	39800	4.7249653527703317491e-06	0.99944884724861038361
0.23877584656549538655	39700	4.7249653527703317491e-06	0.99944609292931818612
0.23877743689445224406	39600	4.7249653527703317491e-06	0.99944331772722772023
0.23877903931713959085	39500	4.7249653527703317491e-06	0.99944052143069672667
0.2387806539564920616	39400	4.7249653527703317491e-06	0.9994377038254567136
0.23878228093701045487	39300	4.7249653527703317491e-06	0.99943486469444609011
0.23878392038478546411	39200	4.7249653527703317491e-06	0.99943200381788843689
0.23878557242752246337	39100	4.7249653527703317491e-06	0.99942912097313540976
0.23878723719456587671	39000	4.7249653527703317491e-06	0.99942621593476344
0.23878891481692490761	38900	4.7249653527703317491e-06	0.99942328847437533756
0.23879060542729932393	38800	4.7249653527703317491e-06	0.99942033836063204344
0.23879230916010538155	38700	4.7249653527703317491e-06	0.99941736535927994112
0.23879402615150291389	38600	4.7249653527703317491e-06	0.99941436923295179362
0.23879575653942228253	38500	4.7249653527703317491e-06	0.99941134974124323787
0.238797500463591994	38400	4.7249653527703317491e-06	0.9994083066405725635
0.23879925806556734358	38300	4.7249653527703317491e-06	0.99940523968420658107
0.23880102948875869817	38200	4.7249653527703317491e-06	0.9994021486221790207
0.23880281487846094501	38100	4.7249653527703317491e-06	0.99939903320123735231
0.23880461438188313461	38000	4.7249653527703317491e-06	0.99939589316481336478
0.23880642814817923392	37900	4.7249653527703317491e-06	0.99939272825288938407
0.23880825632847851869	37800	4.7249653527703317491e-06	0.99938953820209719403
0.23881009907591735364	37700	4.7249653527703317491e-06	0.9993863227455189735
0.23881195654567136111	37600	4.7249653527703317491e-06	0.99938308161267086493
0.2388138288949875343	37500	4.7249653527703317491e-06	0.99937981452948987382
0.23881571628321829337	37400	4.7249653527703317491e-06	0.99937652121824738227
0.23881761887185470883	37300	4.7249653527703317491e-06	0.99937320139750418502
0.23881953682456172339	37200	4.7249653527703317491e-06	0.99936985478197493116
0.23882147030721254111	37100	4.7249653527703317491e-06	0.99936648108260683898
0.238823419487925237	37000	4.7249653527703317491e-06	0.99936308000637830151
0.23882538453709889481	36900	4.7249653527703317491e-06	0.99935965125632142403
0.23882736562745071618	36800	4.7249653527703317491e-06	0.99935619453141855129
0.23882936293405471195	36700	4.7249653527703317491e-06	0.99935270952656374277
0.23883137663437922771	36600	4.7249653527703317491e-06	0.99934919593246152036
0.23883340690832771669	36500	4.7249653527703317491e-06	0.9993456534356226495
0.23883545393827765313	36400	4.7249653527703317491e-06	0.99934208171818161848
0.23883751790912233215	36300	4.7249653527703317491e-06	0.99933848045793227666
0.23883959900831222556	36200	4.7249653527703317491e-06	0.99933484932823923863
0.23884169742589778096	36100	4.7249653527703317491e-06	0.99933118799785347619
0.23884381335457252615	36000	4.7249653527703317491e-06	0.99932749613103100117
0.23884594698971761684	35900	4.7249653527703317491e-06	0.99932377338729161398
0.23884809852944688391	35800	4.7249653527703317491e-06	0.99932001942138293238
0.23885026817465254689	35700	4.7249653527703317491e-06	0.9993162338832516367
0.23885245612905225965	35600	4.7249653527703317491e-06	0.99931241641789569918
0.23885466259923726629	35500	4.7249653527703317491e-06	0.99930856666533818267
0.23885688779472064036	35400	4.7249653527703317491e-06	0.99930468426049146036
0.23885913192798732818	35300	4.7249653527703317491e-06	0.99930076883310481328
0.23886139521454480272	35200	4.7249653527703317491e-06	0.99929682000768849104
0.23886367787297485554	35100	4.7249653527703317491e-06	0.99929283740333318953
0.23886598012498616583	35000	4.7249653527703317491e-06	0.99928882063375812361
0.23886830219546861809	34900	4.7249653527703317491e-06	0.9992847693071048587
0.23887064431254764751	34800	4.7249653527703317491e-06	0.99928068302590600247
0.23887300670764044508	34700	4.7249653527703317491e-06	0.99927656138691756116
0.23887538961551363359	34600	4.7249653527703317491e-06	0.99927240398114325348
0.23887779327434055521	34500	4.7249653527703317491e-06	0.99926821039356927834
0.23888021792576205615	34400	4.7249653527703317491e-06	0.99926398020322504401
0.2388826638149461612	34300	4.7249653527703317491e-06	0.99925971298293314593
0.23888513119065046819	34200	4.7249653527703317491e-06	0.99925540829931025488
0.23888762030528562508	34100	4.7249653527703317491e-06	0.99925106571260668975
0.23889013141497933423	34000	4.7249653527703317491e-06	0.99924668477659728261
0.23889266477964282709	33900	4.7249653527703317491e-06	0.9992422650384708005
0.23889522066303769954	33800	4.7249653527703317491e-06	0.99923780603871414918
0.2388977993328448568	33700	4.7249653527703317491e-06	0.99923330731100146185
0.23890040106073429094	33600	4.7249653527703317491e-06	0.99922876838204932604
0.23890302612243694003	33500	4.7249653527703317491e-06	0.99922418877152185956
0.23890567479781751881	33400	4.7249653527703317491e-06	0.99921956799188837994
0.23890834737094940321	33300	4.7249653527703317491e-06	0.99921490554827507857
0.23891104413019048636	33200	4.7249653527703317491e-06	0.99921020093837031872
0.23891376536826100518	33100	4.7249653527703317491e-06	0.99920545365225543755
0.23891651138232322671	33000	4.7249653527703317491e-06	0.99920066317231415187
0.23891928247406218899	32900	4.7249653527703317491e-06	0.99919582897302028357
0.23892207894976941196	32800	4.7249653527703317491e-06	0.99919095052085560305
0.23892490112042599759	32700	4.7249653527703317491e-06	0.99918602727412431097
0.23892774930179042081	32600	4.7249653527703317491e-06	0.99918105868283602078
0.23893062381448679221	32500	4.7249653527703317491e-06	0.99917604418850636261
0.23893352498409409224	32400	4.7249653527703317491e-06	0.99917098322408448574
0.23893645314123973522	32300	4.7249653527703317491e-06	0.99916587521368094293
0.23893940862169255057	32200	4.7249653527703317491e-06	0.99916071957247865054
0.2389423917664595387	32100	4.7249653527703317491e-06	0.99915551570654403957
0.2389454029218844866	32000	4.7249653527703317491e-06	0.99915026301266518516
0.23894844243974813769	31900	4.7249653527703317491e-06	0.99914496087816140335
0.23895151067737108175	31800	4.7249653527703317491e-06	0.99913960868074114252
0.23895460799771875426	31700	4.7249653527703317491e-06	0.99913420578824352347
0.23895773476950893377	31600	4.7249653527703317491e-06	0.99912875155855773723
0.23896089136732093228	31500	4.7249653527703317491e-06	0.99912324533933838389
0.23896407817170878252	31400	4.7249653527703317491e-06	0.99911768646782528336
0.23896729556931464722	31300	4.7249653527703317491e-06	0.99911207427074633092
0.23897054395298739093	31200	4.7249653527703317491e-06	0.99910640806394057645
0.23897382372190176247	31100	4.7249653527703317491e-06	0.99910068715233935066
0.238977135281680797	31000	4.7249653527703317491e-06	0.99909491082954793306
0.23898047904452218715	30900	4.7249653527703317491e-06	0.99908907837782046091
0.23898385542932559789	30800	4.7249653527703317491e-06	0.99908318906772641821
0.23898726486182442219	30700	4.7249653527703317491e-06	0.99907724215796045453
0.23899070777471997928	30600	4.7249653527703317491e-06	0.99907123689507082442
0.2389941846078180443	30500	4.7249653527703317491e-06	0.99906517251327775497
0.23899769580817070702	30400	4.7249653527703317491e-06	0.99905904823418389959
0.23900124183021878577	30300	4.7249653527703317491e-06	0.99905286326655173834
0.23900482313593957029	30200	4.7249653527703317491e-06	0.99904661680604889273
0.23900844019499706272	30100	4.7249653527703317491e-06	0.99904030803491317148
0.23901209348489635409	30000	4.7249653527703317491e-06	0.99903393612185298345
0.23901578349114019351	29900	4.7249653527703317491e-06	0.99902750022156872056
0.23901951070739163585	29800	4.7249653527703317491e-06	0.99902099947462874585
0.23902327563563829926	29700	4.7249653527703317491e-06	0.99901443300709713569
0.23902707878636147987	29600	4.7249653527703317491e-06	0.99900779993030686121
0.23903092067870967963	29500	4.7249653527703317491e-06	0.99900109934048730853
0.23903480184067513181	29400	4.7249653527703317491e-06	0.99899433031851680997
0.23903872280927571103	29300	4.7249653527703317491e-06	0.99898749192954139353
0.23904268413074036825	29200	4.7249653527703317491e-06	0.99898058322274063681
0.23904668636069961729	29100	4.7249653527703317491e-06	0.99897360323092410095
0.23905073006438043448	29000	4.7249653527703317491e-06	0.99896655097023168146
0.23905481581680548819	28900	4.7249653527703317491e-06	0.99895942543974847183
0.2390589442029978362	28800	4.7249653527703317491e-06	0.99895222562121144261
0.23906311581819034151	28700	4.7249653527703317491e-06	0.99894495047858178349
0.23906733126804025069	28600	4.7249653527703317491e-06	0.99893759895772393786
0.23907159116884862948	28500	4.7249653527703317491e-06	0.99893016998596750877
0.23907589614778654297	28400	4.7249653527703317491e-06	0.99892266247181471517
0.23908024684312506603	28300	4.7249653527703317491e-06	0.9989150753043962716
0.23908464390447212167	28200	4.7249653527703317491e-06	0.9989074073531785114
0.239089087993015037	28100	4.7249653527703317491e-06	0.99889965746752629183
0.23909357978176931647	28000	4.7249653527703317491e-06	0.99889182447620317173
0.23909811995583285515	27900	4.7249653527703317491e-06	0.99888390718700648119
0.23910270921264797916	27800	4.7249653527703317491e-06	0.9988759043862843745
0.23910734826226862082	27700	4.7249653527703317491e-06	0.99886781483841713403
0.23911203782763545966	27600	4.7249653527703317491e-06	0.99885963728549731488
0.23911677864485741951	27500	4.7249653527703317491e-06	0.99885137044663463435
0.23912157146350010439	27400	4.7249653527703317491e-06	0.99884301301761768688
0.23912641704688331057	27300	4.7249653527703317491e-06	0.99883456367028522482
0.23913131617238353455	27200	4.7249653527703317491e-06	0.99882602105214535193
0.23913626963174655637	27100	4.7249653527703317491e-06	0.99881738378565276815
0.23914127823140751694	27000	4.7249653527703317491e-06	0.99880865046778088967
0.23914634279281848928	26900	4.7249653527703317491e-06	0.99879981966941688842
0.23915146415278598635	26800	4.7249653527703317491e-06	0.99879088993476472513
0.23915664316381604615	26700	4.7249653527703317491e-06	0.99878185978079936369
0.23916188069446958631	26600	4.7249653527703317491e-06	0.99877272769653913098
0.23916717762972622419	26500	4.7249653527703317491e-06	0.99876349214253523634
0.23917253487135833878	26400	4.7249653527703317491e-06	0.99875415155016777913
0.23917795333831451399	26300	4.7249653527703317491e-06	0.99874470432100481698
0.23918343396711422288	26200	4.7249653527703317491e-06	0.99873514882603742215
0.23918897771225211546	26100	4.7249653527703317491e-06	0.99872548340509381681
0.23919458554661388039	26000	4.7249653527703317491e-06	0.99871570636607243099
0.23920025846190254293	25900	4.7249653527703317491e-06	0.99870581598415442137
0.23920599746907778016	25800	4.7249653527703317491e-06	0.99869581050111888576
0.23921180359880614419	25700	4.7249653527703317491e-06	0.99868568812452507277
0.2392176779019228039	25600	4.7249653527703317491e-06	0.99867544702691080083
0.23922362144990852451	25500	4.7249653527703317491e-06	0.99866508534496323257
0.23922963533537761061	25400	4.7249653527703317491e-06	0.9986546011786971988
0.23923572067257992124	25300	4.7249653527703317491e-06	0.99864399259054748015
0.23924187859791742894	25200	4.7249653527703317491e-06	0.99863325760454446645
0.23924811027047418466	25100	4.7249653527703317491e-06	0.99862239420528153833
0.23925441687256260304	25000	4.7249653527703317491e-06	0.99861140033708517549
0.23926079961028395848	24900	4.7249653527703317491e-06	0.99860027390297012584
0.23926725971410461868	24800	4.7249653527703317491e-06	0.99858901276367417754
0.23927379843944973636	24700	4.7249653527703317491e-06	0.99857761473664274909
0.23928041706731306704	24600	4.7249653527703317491e-06	0.99856607759490578768
0.23928711690488410624	24500	4.7249653527703317491e-06	0.99855439906606158207
0.23929389928619396177	24400	4.7249653527703317491e-06	0.99854257683113434307
0.23930076557277940585	24300	4.7249653527703317491e-06	0.9985306085234496587
0.23930771715436588432	24200	4.7249653527703317491e-06	0.99851849172737694449
0.23931475544957103718	24100	4.7249653527703317491e-06	0.99850622397719979162
0.23932188190662881389	24000	4.7249653527703317491e-06	0.99849380275581800515
0.23932909800413382229	23900	4.7249653527703317491e-06	0.99848122549345597054
0.2393364052518087981	23800	4.7249653527703317491e-06	0.99846848956635081418
0.23934380519129447307	23700	4.7249653527703317491e-06	0.99845559229539093682
0.23935129939696223045	23600	4.7249653527703317491e-06	0.99844253094464530118
0.2393588894767517683	23500	4.7249653527703317491e-06	0.99842930272007113235
0.23936657707303413134	23400	4.7249653527703317491e-06	0.99841590476780261998
0.23937436386349938977	23300	4.7249653527703317491e-06	0.99840233417280555006
0.23938225156207276756	23200	4.7249653527703317491e-06	0.99838858795719509498
0.23939024191985766588	23100	4.7249653527703317491e-06	0.99837466307861066905
0.23939833672610710824	23000	4.7249653527703317491e-06	0.9983605564285565892
0.2394065378092261609	22900	4.7249653527703317491e-06	0.99834626483070110226
0.23941484703780427368	22800	4.7249653527703317491e-06	0.99833178503898978295
0.23942326632167981737	22700	4.7249653527703317491e-06	0.99831711373593812198
0.23943179761303712283	22600	4.7249653527703317491e-06	0.9983022475305943777
0.23944044290753871418	22500	4.7249653527703317491e-06	0.99828718295671659
0.23944920424549276383	22400	4.7249653527703317491e-06	0.99827191647065227631
0.2394580837130561024	22300	4.7249653527703317491e-06	0.99825644444930416999
0.2394670834434769191	22200	4.7249653527703317491e-06	0.99824076318798748986
0.23947620561837570929	22100	4.7249653527703317491e-06	0.99822486889821471223
0.23948545246906793871	22000	4.7249653527703317491e-06	0.99820875770536499072
0.23949482627792817446	21900	4.7249653527703317491e-06	0.99819242564639032445
0.23950432937979895809	21800	4.7249653527703317491e-06	0.99817586866735841244
0.23951396416344442053	21700	4.7249653527703317491e-06	0.99815908262092001291
0.23952373307305258043	21600	4.7249653527703317491e-06	0.99814206326373822176
0.23953363860978410527	21500	4.7249653527703317491e-06	0.99812480625385302524
0.2395436833333746407	21400	4.7249653527703317491e-06	0.99810730714777617933
0.23955386986378815473	21300	4.7249653527703317491e-06	0.99808956139781568329
0.23956420088292559867	21200	4.7249653527703317491e-06	0.99807156434897770225
0.23957467913639046708	21100	4.7249653527703317491e-06	0.99805331123603291399
0.23958530743531278318	21000	4.7249653527703317491e-06	0.99803479718028431655
0.23959608865823547874	20900	4.7249653527703317491e-06	0.9980160171863553531
0.23960702575306241924	20800	4.7249653527703317491e-06	0.9979969661388184976
0.23961812173907501289	20700	4.7249653527703317491e-06	0.99797763879870393655
0.23962937970901562745	20600	4.7249653527703317491e-06	0.99795802979992975779
0.23964080283124272741	20500	4.7249653527703317491e-06	0.99793813364553551892
0.23965239435196045159	20400	4.7249653527703317491e-06	0.99791794470395212002
0.23966415759752540682	20300	4.7249653527703317491e-06	0.99789745720481437541
0.23967609597683295353	20200	4.7249653527703317491e-06	0.99787666523511431294
0.2396882129837870079	20100	4.7249653527703317491e-06	0.99785556273470654709
0.23970051219985741287	20000	4.7249653527703317491e-06	0.99783414349204002658
0.23971299729672582157	19900	4.7249653527703317491e-06	0.99781240113950897541
0.23972567203902683808	19800	4.7249653527703317491e-06	0.99779032914886389705
0.23973854028718602494	19700	4.7249653527703317491e-06	0.99776792082612320023
0.2397516060003596905	19600	4.7249653527703317491e-06	0.99774516930669698844
0.23976487323948103558	19500	4.7249653527703317491e-06	0.99772206755001280332
0.23977834617041496323	19400	4.7249653527703317491e-06	0.99769860833415446866
0.23979202906722951738	19300	4.7249653527703317491e-06	0.99767478425019329169
0.23980592631558583783	19200	4.7249653527703317491e-06	0.997650587696328639
0.2398200424162524047	19100	4.7249653527703317491e-06	0.99762601087192925853
0.23983438198875017822	19000	4.7249653527703317491e-06	0.99760104577114150359
0.23984894977513171455	18900	4.7249653527703317491e-06	0.99757568417648578851
0.23986375064390297318	18800	4.7249653527703317491e-06	0.99754991765200107245
0.23987878959409070223	18700	4.7249653527703317491e-06	0.99752373753638112763
0.23989407175946458883	18600	4.7249653527703317491e-06	0.99749713493562142119
0.23990960241291867105	18500	4.7249653527703317491e-06	0.99747010071545527676
0.23992538697102047673	18400	4.7249653527703317491e-06	0.99744262549361850656
0.23994143099873468938	18300	4.7249653527703317491e-06	0.9974146996316894942
0.23995774021432825229	18200	4.7249653527703317491e-06	0.99738631322663295897
0.23997432049446640323	18100	4.7249653527703317491e-06	0.99735745610207315881
0.23999117787950757785	18000	4.7249653527703317491e-06	0.99732811779917507344
0.24000831857900514765	17900	4.7249653527703317491e-06	0.99729828756721583538
0.2400257489774268449	17800	4.7249653527703317491e-06	0.99726795435374548937
0.24004347564010028449	17700	4.7249653527703317491e-06	0.99723710679437216342
0.24006150531939685067	17600	4.7249653527703317491e-06	0.99720573320214422885
0.24007984496116260842	17500	4.7249653527703317491e-06	0.99717382155651135278
0.2400985017114080633	17400	4.7249653527703317491e-06	0.99714135949186999408
0.24011748292327192433	17300	4.7249653527703317491e-06	0.99710833428555256663
0.2401367961642659199	17200	4.7249653527703317491e-06	0.99707473284547754044
0.24015644922381965132	17100	4.7249653527703317491e-06	0.99704054169713129951
0.24017645012113497671	17000	4.7249653527703317491e-06	0.99700574697014388015
0.24019680711336865997	16900	4.7249653527703317491e-06	0.99697033438427384855
0.2402175287041546925	16800	4.7249653527703317491e-06	0.99693428923475124748
0.24023862365248790929	16700	4.7249653527703317491e-06	0.99689759637708652562
0.24026010098197947418	16600	4.7249653527703317491e-06	0.99686024021121300009
0.24028196999051054661	16500	4.7249653527703317491e-06	0.99682220466493509647
0.24030424026029509332	16400	4.7249653527703317491e-06	0.99678347317672366668
0.24032692166837929526	16300	4.7249653527703317491e-06	0.99674402867770262038
0.24035002439759431403	16200	4.7249653527703317491e-06	0.99670385357296953366
0.24037355894798778655	16100	4.7249653527703317491e-06	0.99666292972194581168
0.24039753614875553067	16000	4.7249653527703317491e-06	0.9966212384180539452
0.24042196717070205003	15900	4.7249653527703317491e-06	0.99657876036734338587
0.24044686353925320832	15800	4.7249653527703317491e-06	0.99653547566628386534
0.24047223714805254779	15700	4.7249653527703317491e-06	0.99649136377851776913
0.24049810027316731453	15600	4.7249653527703317491e-06	0.99644640351057534033
0.24052446558794091103	15500	4.7249653527703317491e-06	0.99640057298650641648
0.24055134617852028112	15400	4.7249653527703317491e-06	0.99635384962141737564
0.2405787555600972516	15300	4.7249653527703317491e-06	0.99630621009364639384
0.24060670769390041235	15200	4.7249653527703317491e-06	0.9962576303158732216
0.24063521700497594868	15100	4.7249653527703317491e-06	0.99620808540472116643
0.2406642984008028896	15000	4.7249653527703317491e-06	0.99615754964904679181
0.24069396729078407215	14900	4.7249653527703317491e-06	0.99610599647665598599
0.24072423960666367027	14800	4.7249653527703317491e-06	0.99605339841960038871
0.24075513182391819478	14700	4.7249653527703317491e-06	0.9959997270776713707
0.2407866609841789185	14600	4.7249653527703317491e-06	0.9959449530802140238
0.24081884471873948872	14500	4.7249653527703317491e-06	0.99588904604617378702
0.2408517012732090401	14400	4.7249653527703317491e-06	0.99583197454205374388
0.24088524953337825396	14300	4.7249653527703317491e-06	0.99577370603803938565
0.24091950905236411695	14200	4.7249653527703317491e-06	0.99571420686171963066
0.24095450007910620971	14100	4.7249653527703317491e-06	0.99565344214974405013
0.24099024358829473913	14000	4.7249653527703317491e-06	0.99559137579692702502
0.2410267613118093899	13900	4.7249653527703317491e-06	0.99552797040293539155
0.24106374684640513584	13800	4.7249653667711722684e-06	0.99546318721336646274
0.24110183383803168722	13700	4.7249653667711722684e-06	0.99539698607104665218
0.2411407640689437748	13600	4.7249653667711722684e-06	0.99532932533997986457
0.24118056261632009329	13500	4.7249653667711722684e-06	0.99526016184890242489
0.24122125549653439247	13400	4.7249653667711722684e-06	0.99518945082076859521
0.24126296619566311996	13300	4.7249654313999479271e-06	0.99511714578621057736
0.24130572608210523744	13200	4.7249654330093444082e-06	0.99504319856118483845
0.24134909380201063911	13100	4.7249654330093444082e-06	0.99496755910904022269
0.24139346615977960719	13000	4.7249654330093444082e-06	0.99489017543431457202
0.24143887442740893934	12900	4.7249654330093444082e-06	0.99481099356865976269
0.24148535110321170394	12800	4.7249654330093444082e-06	0.99472995744344416824
0.24153255618259611426	12700	4.7249654342689730333e-06	0.99464700875258837964
0.24158113532097752474	12600	4.7249654342689730333e-06	0.99456208696900183508
0.24163088501613297354	12500	4.7249654342689730333e-06	0.99447512909239399459
0.24168184317981331044	12400	4.7249654342689730333e-06	0.9943860696093024254
0.24173404927113703589	12300	4.7249654342689730333e-06	0.99429484035452064816
0.24178754437300087332	12200	4.7249654342689730333e-06	0.99420137038155731446
0.24184237127292898539	12100	4.7249654342689730333e-06	0.99410558582568364638
0.24189857454865640318	12000	4.7249654342689730333e-06	0.99400740975891932472
0.24195146294462768766	11900	4.724965463759196739e-06	0.99390675815949780514
0.24200775077919273182	11800	4.7249654638700310002e-06	0.9938035411087650095
0.2420674867880362735	11700	4.7249654638700310002e-06	0.99369769317380873819
0.24212877434325255632	11600	4.7249654638700310002e-06	0.99358911189709309131
0.24219166764564187266	11500	4.7249654638700310002e-06	0.99347770252521483414
0.24225606102703209355	11400	4.7249654653815587534e-06	0.99336336587439499901
0.24232224481702280272	11300	4.7249654653815587534e-06	0.9932459988621915592
0.24239020928967799917	11200	4.7249654653815587534e-06	0.99312549359627388945
0.24246001890193802364	11100	4.7249654653815587534e-06	0.99300173741341679623
0.24253174105386252069	11000	4.7249654653815587534e-06	0.99287461256076992022
0.24260544625137570041	10900	4.7249654653815587534e-06	0.99274399591812634291
0.24267245694481998086	10800	4.7249657570705492197e-06	0.99260975324386702123
0.24274999097577257268	10700	4.7249659631682478059e-06	0.99247175972475887296
0.24282522732907707574	10600	4.7249661646776841133e-06	0.99232986161065861452
0.24290519902056159629	10500	4.7249661663805769381e-06	0.99218392550615530645
0.24298810295276573878	10400	4.7249661662434084227e-06	0.99203379031545835254
0.24307332472033421622	10300	4.7249661785163974442e-06	0.99187929213128156469
0.24316138135388642993	10200	4.7249661785163974442e-06	0.9917202629851212814
0.24325061515075382945	10100	4.7249662237286427823e-06	0.99155652335958954779
0.2433440274863589714	10000	4.7249662253781259447e-06	0.99138788583698034262
0.2434406219455221565	9900	4.7249663165509515951e-06	0.99121415366036469408
0.24353904130360903846	9800	4.724966319225379352e-06	0.99103512008104566178
0.24364056353909213648	9700	4.724966319225379352e-06	0.99085056777197200173
0.24374527483998970068	9600	4.724966319225379352e-06	0.99066026820477925963
0.24385138543055717708	9500	4.7249663174985375176e-06	0.9904639809131123851
0.24395919225479767434	9400	4.7249663158259447553e-06	0.9902614498972662771
0.244072175438688449	9300	4.7249663292779163951e-06	0.99005241416909939289
0.24419090814044316917	9200	4.7249663333196797926e-06	0.98983658941960672717
0.24431260530490370164	9100	4.7249663647974332747e-06	0.989613681243411758
0.24443751160625620811	9000	4.7249671420830110279e-06	0.98938337268095355448
0.24456731506436865664	8900	4.7249671826698720213e-06	0.98914533836457352312
0.24469961133628542749	8800	4.7249674058292917366e-06	0.98889922789150275229
0.24483782023387354321	8700	4.724967962465637843e-06	0.98864467368213315712
0.24497996679815675636	8600	4.7249679616689593104e-06	0.98838124868277399404
0.24512565857573129224	8500	4.7249681078229883346e-06	0.9881081164683026552
0.24527710401177282851	8400	4.7249681474705931274e-06	0.98782578492489792055
0.24542646730163328317	8300	4.724970034300049571e-06	0.98753322887395156293
0.24558868747979756275	8200	4.7249700781893649707e-06	0.98723011098872170965
0.24575433346909833499	8100	4.7249709509822917695e-06	0.98691582722121162785
0.24592695875446254905	8000	4.724971135170020349e-06	0.98658984168877450482
0.24610913292223943194	7900	4.7249774261271596914e-06	0.98625148118742400616
0.24629096471866979146	7800	4.7249776925756440613e-06	0.9858965891020059491
0.24648769765819605881	7700	4.7249799422107620762e-06	0.98552949991972926824
0.24668946571248423494	7600	4.7249808582165171762e-06	0.9851503954817629749
0.24689475241548802797	7500	4.7249824725708193369e-06	0.98475624493440394591
0.24710978024394175678	7400	4.7249826957253787771e-06	0.98434141265915919838
0.24733038103624233051	7300	4.7249828198014957252e-06	0.983914689220651284
0.2475600538893057978	7200	4.7249902265722804325e-06	0.98347028353418086688
0.24779820244100683735	7100	4.7249905298095868115e-06	0.98300727451715197436
0.2481170623997693836	7000	4.7251263996052681712e-06	0.98251622245660052979
0.24839366449601690823	6900	4.7252781986881323183e-06	0.98201219707527620528
0.24867842569980283529	6800	4.7255512347893729156e-06	0.98148567327096980506
0.24897633292589679832	6700	4.7255515172765210095e-06	0.98093675308350158915
0.24928064911714664653	6600	4.7255583890492666691e-06	0.98036310984387298184
0.24958225352923749107	6500	4.7255888538992595432e-06	0.97976321618235728828
0.24991476412242438765	6400	4.7255897948394741832e-06	0.9791350729176881984
0.25024834060468531538	6300	4.7256467653297535642e-06	0.9784563285707190694
0.25062686162279745883	6200	4.7256992722832378952e-06	0.97775561166304225669
0.25104257673562996311	6100	4.7257902187688945983e-06	0.97703198803604229816
0.25140918724146937846	6000	4.7257949273718267638e-06	0.97627264668672708581
0.2518867494693804443	5900	4.7258324320972610284e-06	0.97540187746605500063
0.25231654206804626783	5800	4.7258703812854195678e-06	0.9745631895963420277
0.25279725150158099956	5700	4.7260792372528032465e-06	0.9736694620826135127
0.25323535795081358879	5600	4.7261230566691536382e-06	0.97274165829814929207
0.2537175006837476543	5500	4.7261324666359584587e-06	0.97169133463380807925
0.2542205337071410387	5400	4.726191780842741027e-06	0.9706211682315991629
0.25474723968715495825	5300	4.7264404807339316657e-06	0.96952985002673308657
0.25546742912096243039	5200	4.7272719300713668313e-06	0.96831881151198950786
0.25614743376478016357	5100	4.7275549336687885799e-06	0.96705647434735397816
0.25696542707719188803	5000	4.7277193499067532759e-06	0.96573389651626262431
0.25759458700520437846	4900	4.7278146443807887893e-06	0.96434379054186514235
0.25843629728740369345	4800	4.7281359527815332311e-06	0.96284520069401680065
0.25923543366994850068	4700	4.728463530251643507e-06	0.96127084210626523308
0.25995875612390451082	4600	4.7285302913562878927e-06	0.95954402848313047336
0.26088448977693573516	4500	4.7287522339235024354e-06	0.95776236395310576643
0.26203760290666638921	4400	4.7291105849379513732e-06	0.95583626071800065205
0.26306409692574383996	4300	4.7294057033131006723e-06	0.95378389032974064676
0.2642754881546666712	4200	4.7300736031833045969e-06	0.95153860782115207151
0.26542526221650691864	4100	4.7304494001018092353e-06	0.94906555474492515501
0.26692283224755147808	4000	4.7322026748454247972e-06	0.94612055084912227709
0.26855141914131008818	3900	4.7329945759808816804e-06	0.94322247502213574233
0.27002453444176244268	3800	4.7337839955319188642e-06	0.93981045248107597523
0.27165801802753752892	3700	4.7456025727791791989e-06	0.93611082796213063162
0.27354231487803148948	3600	4.978304862177418149e-06	0.93244868675002123837
0.27585534960639696012	3500	4.9793160471809188214e-06	0.92836356457430835309
0.27802765239710797163	3400	4.9804103740842691243e-06	0.92394110698237008616
0.28056622583529511328	3300	5.2955583706892435565e-06	0.91861784075580865672
0.2835942400166388544	3200	5.2977304610716653103e-06	0.91261711637867515279
0.28681155475421948875	3100	9.1397458460788286974e-06	0.90533996513534786832
0.29013130226835737169	3000	9.1412313306398289666e-06	0.89765262131799072876
0.29305794939640550378	2900	9.1428567168162732222e-06	0.89133185850314755605
0.29931472510023582334	2800	1.3224373590907349406e-05	0.88014619951299022382
0.3050862492516669966	2700	1.3229889392346677683e-05	0.86978921260471209198
0.31166691041332800216	2600	1.7043475954734628474e-05	0.8577779025150134018
0.31830588802582121533	2500	2.3013630997645842166e-05	0.84477090768265905574
0.3260160215113691029	2400	5.1917402663913054443e-05	0.82806585971578061667
0.3336839393099655382	2300	5.2187376974488937896e-05	0.81135035082932638328
0.3424043396647470372	2200	6.6601562682545910419e-05	0.78823571990849827795
0.35169660152158060962	2100	0.00012023449334766094258	0.76517307590809413576
0.36360099944218587931	2000	0.0001227205788364771127	0.73768455586877512697
0.37591991550412329204	1900	0.00013691532187947569581	0.70401771441344629388
0.39161574529873327544	1800	0.00016418586020443495951	0.66767961707635470336
0.41618665601700266521	1700	0.00022495149492352304417	0.5995332076097661389
0.44841846239858945689	1600	0.00035673834336892400448	0.51188994532007325855
0.49767889146517785282	1500	0.00067471970396428308184	0.35474715280705676479
0.54834154266194223837	1400	0.0027494822591785394485	0.23135825912578902863
0.62020781908026922924	1300	0.016121968098396673164	0.10695345190030085269
0.70462185033428814673	1200	0.063254372890521395889	0.026529792184792792137
0.77141263917421287744	1100	0.1385710475937571573	0.017863682379455878696
0.81518207823559096781	1000	0.2216843665174461353	0.014856645866067367048
0.84680845323253517432	900	0.3007624881290822394	0.0088933167930595226347
0.88455031900448288784	800	0.41049262202459690929	0.0069559323957057083918
0.94452737786379015184	700	0.68770061447128005838	0.00116365455328847631
0.97659192201498334907	600	0.86830219297018818025	0.00047879331958506374332
0.98833716027773155233	500	0.93201056099392998178	0
0.99971077348271264462	400	0.99921591635788542529	0
0.99971077348271264462	300	0.99921591635788542529	0
0.99971077348271264462	200	0.99921591635788542529	0
0.99971077348271264462	100	0.99921591635788542529	0
0.99971077348271264462	0	0.99921591635788542529	0
0.99971077348271264462	-100	0.99921591635788542529	0
0.99971077348271264462	-200	0.99921591635788542529	0
0.99971077348271264462	-300	0.99921591635788542529	0
0.99971077348271264462	-400	0.99921591635788542529	0
0.99971077348271264462	-500	0.99921591635788542529	0
0.99971077348271264462	-600	0.99921591635788542529	0
0.99971077348271264462	-700	0.99921591635788542529	0
0.99971077348271264462	-800	0.99921591635788542529	0
0.99971077348271264462	-900	0.99921591635788542529	0
0.99971077348271264462	-1000	0.99921591635788542529	0
0.99971077348271264462	-1100	0.99921591635788542529	0
0.99971077348271264462	-1200	0.99921591635788542529	0
0.99971077348271264462	-1300	0.99921591635788542529	0
0.99971077348271264462	-1400	0.99921591635788542529	0
0.99971077348271264462	-1500	0.99921591635788542529	0
0.99971077348271264462	-1600	0.99921591635788542529	0
0.99971077348271264462	-1700	0.99921591635788542529	0
0.99971077348271264462	-1800	0.99921591635788542529	0
0.99971077348271264462	-1900	0.99921591635788542529	0
0.99971077348271264462	-2000	0.99921591635788542529	0
0.99971077348271264462	-2100	0.99921591635788542529	0
0.99971077348271264462	-2200	0.99921591635788542529	0
0.99971077348271264462	-2300	0.99921591635788542529	0
0.99971077348271264462	-2400	0.99921591635788542529	0
0.99971077348271264462	-2500	0.99921591635788542529	0
0.99971077348271264462	-2600	0.99921591635788542529	0
0.99971077348271264462	-2700	0.99921591635788542529	0
0.99971077348271264462	-2800	0.99921591635788542529	0
0.99971077348271264462	-2900	0.99921591635788542529	0
0.99971077348271264462	-3000	0.99921591635788542529	0
0.99971077348271264462	-3100	0.99921591635788542529	0
0.99971077348271264462	-3200	0.99921591635788542529	0
0.99971077348271264462	-3300	0.99921591635788542529	0
0.99971077348271264462	-3400	0.99921591635788542529	0
0.99971077348271264462	-3500	0.99921591635788542529	0
0.99971077348271264462	-3600	0.99921591635788542529	0
0.99971077348271264462	-3700	0.99921591635788542529	0
0.99971077348271264462	-3800	0.99921591635788542529	0
0.99971077348271264462	-3900	0.99921591635788542529	0
0.99971077348271264462	-4000	0.99921591635788542529	0
0.99971077348271264462	-4100	0.99921591635788542529	0
0.99971077348271264462	-4200	0.99921591635788542529	0
0.99971077348271264462	-4300	0.99921591635788542529	0
0.99971077348271264462	-4400	0.99921591635788542529	0
0.99971077348271264462	-4500	0.99921591635788542529	0
0.99971077348271264462	-4600	0.99921591635788542529	0
0.99971077348271264462	-4700	0.99921591635788542529	0
0.99971077348271264462	-4800	0.99921591635788542529	0
0.99971077348271264462	-4900	0.99921591635788542529	0
0.99971077348271264462	-5000	0.99921591635788542529	0
0.99971077348271264462	-5100	0.99921591635788542529	0
0.99971077348271264462	-5200	0.99921591635788542529	0
0.99971077348271264462	-5300	0.99921591635788542529	0
0.99971077348271264462	-5400	0.99921591635788542529	0
0.99971077348271264462	-5500	0.99921591635788542529	0
0.99971077348271264462	-5600	0.99921591635788542529	0
0.99971077348271264462	-5700	0.99921591635788542529	0
0.99971077348271264462	-5800	0.99921591635788542529	0
0.99971077348271264462	-5900	0.99921591635788542529	0
0.99971077348271264462	-6000	0.99921591635788542529	0
0.99971077348271264462	-6100	0.99921591635788542529	0
0.99971077348271264462	-6200	0.99921591635788542529	0
0.99971077348271264462	-6300	0.99921591635788542529	0
0.99971077348271264462	-6400	0.99921591635788542529	0
0.99971077348271264462	-6500	0.99921591635788542529	0
0.99971077348271264462	-6600	0.99921591635788542529	0
0.99971077348271264462	-6700	0.99921591635788542529	0
0.99971077348271264462	-6800	0.99921591635788542529	0
0.99971077348271264462	-6900	0.99921591635788542529	0
0.99971077348271264462	-7000	0.99921591635788542529	0
0.99971077348271264462	-7100	0.99921591635788542529	0
0.99971077348271264462	-7200	0.99921591635788542529	0
0.99971077348271264462	-7300	0.99921591635788542529	0
0.99971077348271264462	-7400	0.99921591635788542529	0
0.99971077348271264462	-7500	0.99921591635788542529	0
0.99971077348271264462	-7600	0.99921591635788542529	0
0.99971077348271264462	-7700	0.99921591635788542529	0
0.99971077348271264462	-7800	0.99921591635788542529	0
0.99971077348271264462	-7900	0.99921591635788542529	0
0.99971077348271264462	-8000	0.99921591635788542529	0
0.99971077348271264462	-8100	0.99921591635788542529	0
0.99971077348271264462	-8200	0.99921591635788542529	0
0.99971077348271264462	-8300	0.99921591635788542529	0
0.99971077348271264462	-8400	0.99921591635788542529	0
0.99971077348271264462	-8500	0.99921591635788542529	0
0.99971077348271264462	-8600	0.99921591635788542529	0
0.99971077348271264462	-8700	0.99921591635788542529	0
0.99971077348271264462	-8800	0.99921591635788542529	0
0.99971077348271264462	-8900	0.99921591635788542529	0
0.99971077348271264462	-9000	0.99921591635788542529	0
0.99971077348271264462	-9100	0.99921591635788542529	0
0.99971077348271264462	-9200	0.99921591635788542529	0
0.99971077348271264462	-9300	0.99921591635788542529	0
0.99971077348271264462	-9400	0.99921591635788542529	0
0.99971077348271264462	-9500	0.99921591635788542529	0
0.99971077348271264462	-9600	0.99921591635788542529	0
0.99971077348271264462	-9700	0.99921591635788542529	0
0.99971077348271264462	-9800	0.99921591635788542529	0
0.99971077348271264462	-9900	0.99921591635788542529	0
0.99971077348271264462	-10000	0.99921591635788542529	0
0.99971077348271264462	-10100	0.99921591635788542529	0
0.99971077348271264462	-10200	0.99921591635788542529	0
0.99971077348271264462	-10300	0.99921591635788542529	0
0.99971077348271264462	-10400	0.99921591635788542529	0
0.99971077348271264462	-10500	0.99921591635788542529	0
0.99971077348271264462	-10600	0.99921591635788542529	0
0.99971077348271264462	-10700	0.99921591635788542529	0
0.99971077348271264462	-10800	0.99921591635788542529	0
0.99971077348271264462	-10900	0.99921591635788542529	0
0.99971077348271264462	-11000	0.99921591635788542529	0
0.99971077348271264462	-11100	0.99921591635788542529	0
0.99971077348271264462	-11200	0.99921591635788542529	0
0.99971077348271264462	-11300	0.99921591635788542529	0
0.99971077348271264462	-11400	0.99921591635788542529	0
0.99971077348271264462	-11500	0.99921591635788542529	0
0.99971077348271264462	-11600	0.99921591635788542529	0
0.99971077348271264462	-11700	0.99921591635788542529	0
0.99971077348271264462	-11800	0.99921591635788542529	0
0.99971077348271264462	-11900	0.99921591635788542529	0
0.99971077348271264462	-12000	0.99921591635788542529	0
0.99971077348271264462	-12100	0.99921591635788542529	0
0.99971077348271264462	-12200	0.99921591635788542529	0
0.99971077348271264462	-12300	0.99921591635788542529	0
0.99971077348271264462	-12400	0.99921591635788542529	0
0.99971077348271264462	-12500	0.99921591635788542529	0
0.99971077348271264462	-12600	0.99921591635788542529	0
0.99971077348271264462	-12700	0.99921591635788542529	0
0.99971077348271264462	-12800	0.99921591635788542529	0
0.99971077348271264462	-12900	0.99921591635788542529	0
0.99971077348271264462	-13000	0.99921591635788542529	0
0.99971077348271264462	-13100	0.99921591635788542529	0
0.99971077348271264462	-13200	0.99921591635788542529	0
0.99971077348271264462	-13300	0.99921591635788542529	0
0.99971077348271264462	-13400	0.99921591635788542529	0
0.99971077348271264462	-13500	0.99921591635788542529	0
0.99971077348271264462	-13600	0.99921591635788542529	0
0.99971077348271264462	-13700	0.99921591635788542529	0
0.99971077348271264462	-13800	0.99921591635788542529	0
0.99971077348271264462	-13900	0.99921591635788542529	0
0.99971077348271264462	-14000	0.99921591635788542529	0
0.99971077348271264462	-14100	0.99921591635788542529	0
0.99971077348271264462	-14200	0.99921591635788542529	0
0.99971077348271264462	-14300	0.99921591635788542529	0
0.99971077348271264462	-14400	0.99921591635788542529	0
0.99971077348271264462	-14500	0.99921591635788542529	0
0.99971077348271264462	-14600	0.99921591635788542529	0
0.99971077348271264462	-14700	0.99921591635788542529	0
0.99971077348271264462	-14800	0.99921591635788542529	0
0.99971077348271264462	-14900	0.99921591635788542529	0
0.99971077348271264462	-15000	0.99921591635788542529	0
0.99971077348271264462	-15100	0.99921591635788542529	0
0.99971077348271264462	-15200	0.99921591635788542529	0
0.99971077348271264462	-15300	0.99921591635788542529	0
0.99971077348271264462	-15400	0.99921591635788542529	0
0.99971077348271264462	-15500	0.99921591635788542529	0
0.99971077348271264462	-15600	0.99921591635788542529	0
0.99971077348271264462	-15700	0.99921591635788542529	0
0.99971077348271264462	-15800	0.99921591635788542529	0
0.99971077348271264462	-15900	0.99921591635788542529	0
0.99971077348271264462	-16000	0.99921591635788542529	0
0.99971077348271264462	-16100	0.99921591635788542529	0
0.99971077348271264462	-16200	0.99921591635788542529	0
0.99971077348271264462	-16300	0.99921591635788542529	0
0.99971077348271264462	-16400	0.99921591635788542529	0
0.99971077348271264462	-16500	0.99921591635788542529	0
0.99971077348271264462	-16600	0.99921591635788542529	0
0.99971077348271264462	-16700	0.99921591635788542529	0
0.99971077348271264462	-16800	0.99921591635788542529	0
0.99971077348271264462	-16900	0.99921591635788542529	0
0.99971077348271264462	-17000	0.99921591635788542529	0
0.99971077348271264462	-17100	0.99921591635788542529	0
0.99971077348271264462	-17200	0.99921591635788542529	0
0.99971077348271264462	-17300	0.99921591635788542529	0
0.99971077348271264462	-17400	0.99921591635788542529	0
0.99971077348271264462	-17500	0.99921591635788542529	0
0.99971077348271264462	-17600	0.99921591635788542529	0
0.99971077348271264462	-17700	0.99921591635788542529	0
0.99971077348271264462	-17800	0.99921591635788542529	0
0.99971077348271264462	-17900	0.99921591635788542529	0
0.99971077348271264462	-18000	0.99921591635788542529	0
0.99971077348271264462	-18100	0.99921591635788542529	0
0.99971077348271264462	-18200	0.99921591635788542529	0
0.99971077348271264462	-18300	0.99921591635788542529	0
0.99971077348271264462	-18400	0.99921591635788542529	0
0.99971077348271264462	-18500	0.99921591635788542529	0
0.99971077348271264462	-18600	0.99921591635788542529	0
0.99971077348271264462	-18700	0.99921591635788542529	0
0.99971077348271264462	-18800	0.99921591635788542529	0
0.99971077348271264462	-18900	0.99921591635788542529	0
0.99971077348271264462	-19000	0.99921591635788542529	0
0.99971077348271264462	-19100	0.99921591635788542529	0
0.99971077348271264462	-19200	0.99921591635788542529	0
0.99971077348271264462	-19300	0.99921591635788542529	0
0.99971077348271264462	-19400	0.99921591635788542529	0
0.99971077348271264462	-19500	0.99921591635788542529	0
0.99971077348271264462	-19600	0.99921591635788542529	0
0.99971077348271264462	-19700	0.99921591635788542529	0
0.99971077348271264462	-19800	0.99921591635788542529	0
0.99971077348271264462	-19900	0.99921591635788542529	0
0.99971077348271264462	-20000	0.99921591635788542529	0
0.99971077348271264462	-20100	0.99921591635788542529	0
0.99971077348271264462	-20200	0.99921591635788542529	0
0.99971077348271264462	-20300	0.99921591635788542529	0
0.99971077348271264462	-20400	0.99921591635788542529	0
0.99971077348271264462	-20500	0.99921591635788542529	0
0.99971077348271264462	-20600	0.99921591635788542529	0
0.99971077348271264462	-20700	0.99921591635788542529	0
0.99971077348271264462	-20800	0.99921591635788542529	0
0.99971077348271264462	-20900	0.99921591635788542529	0
0.99971077348271264462	-21000	0.99921591635788542529	0
0.99971077348271264462	-21100	0.99921591635788542529	0
0.99971077348271264462	-21200	0.99921591635788542529	0
0.99971077348271264462	-21300	0.99921591635788542529	0
0.99971077348271264462	-21400	0.99921591635788542529	0
0.99971077348271264462	-21500	0.99921591635788542529	0
0.99971077348271264462	-21600	0.99921591635788542529	0
0.99971077348271264462	-21700	0.99921591635788542529	0
0.99971077348271264462	-21800	0.99921591635788542529	0
0.99971077348271264462	-21900	0.99921591635788542529	0
0.99971077348271264462	-22000	0.99921591635788542529	0
0.99971077348271264462	-22100	0.99921591635788542529	0
0.99971077348271264462	-22200	0.99921591635788542529	0
0.99971077348271264462	-22300	0.99921591635788542529	0
0.99971077348271264462	-22400	0.99921591635788542529	0
0.99971077348271264462	-22500	0.99921591635788542529	0
0.99971077348271264462	-22600	0.99921591635788542529	0
0.99971077348271264462	-22700	0.99921591635788542529	0
0.99971077348271264462	-22800	0.99921591635788542529	0
0.99971077348271264462	-22900	0.99921591635788542529	0
0.99971077348271264462	-23000	0.99921591635788542529	0
0.99971077348271264462	-23100	0.99921591635788542529	0
0.99971077348271264462	-23200	0.99921591635788542529	0
0.99971077348271264462	-23300	0.99921591635788542529	0
0.99971077348271264462	-23400	0.99921591635788542529	0
0.99971077348271264462	-23500	0.99921591635788542529	0
0.99971077348271264462	-23600	0.99921591635788542529	0
0.99971077348271264462	-23700	0.99921591635788542529	0
0.99971077348271264462	-23800	0.99921591635788542529	0
0.99971077348271264462	-23900	0.99921591635788542529	0
0.99971077348271264462	-24000	0.99921591635788542529	0
0.99971077348271264462	-24100	0.99921591635788542529	0
0.99971077348271264462	-24200	0.99921591635788542529	0
0.99971077348271264462	-24300	0.99921591635788542529	0
0.99971077348271264462	-24400	0.99921591635788542529	0
0.99971077348271264462	-24500	0.99921591635788542529	0
0.99971077348271264462	-24600	0.99921591635788542529	0
0.99971077348271264462	-24700	0.99921591635788542529	0
0.99971077348271264462	-24800	0.99921591635788542529	0
0.99971077348271264462	-24900	0.99921591635788542529	0
0.99971077348271264462	-25000	0.99921591635788542529	0
0.99971077348271264462	-25100	0.99921591635788542529	0
0.99971077348271264462	-25200	0.99921591635788542529	0
0.99971077348271264462	-25300	0.99921591635788542529	0
0.99971077348271264462	-25400	0.99921591635788542529	0
0.99971077348271264462	-25500	0.99921591635788542529	0
0.99971077348271264462	-25600	0.99921591635788542529	0
0.99971077348271264462	-25700	0.99921591635788542529	0
0.99971077348271264462	-25800	0.99921591635788542529	0
0.99971077348271264462	-25900	0.99921591635788542529	0
0.99971077348271264462	-26000	0.99921591635788542529	0
0.99971077348271264462	-26100	0.99921591635788542529	0
0.99971077348271264462	-26200	0.99921591635788542529	0
0.99971077348271264462	-26300	0.99921591635788542529	0
0.99971077348271264462	-26400	0.99921591635788542529	0
0.99971077348271264462	-26500	0.99921591635788542529	0
0.99971077348271264462	-26600	0.99921591635788542529	0
0.99971077348271264462	-26700	0.99921591635788542529	0
0.99971077348271264462	-26800	0.99921591635788542529	0
0.99971077348271264462	-26900	0.99921591635788542529	0
0.99971077348271264462	-27000	0.99921591635788542529	0
0.99971077348271264462	-27100	0.99921591635788542529	0
0.99971077348271264462	-27200	0.99921591635788542529	0
0.99971077348271264462	-27300	0.99921591635788542529	0
0.99971077348271264462	-27400	0.99921591635788542529	0
0.99971077348271264462	-27500	0.99921591635788542529	0
0.99971077348271264462	-27600	0.99921591635788542529	0
0.99971077348271264462	-27700	0.99921591635788542529	0
0.99971077348271264462	-27800	0.99921591635788542529	0
0.99971077348271264462	-27900	0.99921591635788542529	0
0.99971077348271264462	-28000	0.99921591635788542529	0
0.99971077348271264462	-28100	0.99921591635788542529	0
0.99971077348271264462	-28200	0.99921591635788542529	0
0.99971077348271264462	-28300	0.99921591635788542529	0
0.99971077348271264462	-28400	0.99921591635788542529	0
0.99971077348271264462	-28500	0.99921591635788542529	0
0.99971077348271264462	-28600	0.99921591635788542529	0
0.99971077348271264462	-28700	0.99921591635788542529	0
0.99971077348271264462	-28800	0.99921591635788542529	0
0.99971077348271264462	-28900	0.99921591635788542529	0
0.99971077348271264462	-29000	0.99921591635788542529	0
0.99971077348271264462	-29100	0.99921591635788542529	0
0.99971077348271264462	-29200	0.99921591635788542529	0
0.99971077348271264462	-29300	0.99921591635788542529	0
0.99971077348271264462	-29400	0.99921591635788542529	0
0.99971077348271264462	-29500	0.99921591635788542529	0
0.99971077348271264462	-29600	0.99921591635788542529	0
0.99971077348271264462	-29700	0.99921591635788542529	0
0.99971077348271264462	-29800	0.99921591635788542529	0
0.99971077348271264462	-29900	0.99921591635788542529	0
0.99971077348271264462	-30000	0.99921591635788542529	0
0.99971077348271264462	-30100	0.99921591635788542529	0
0.99971077348271264462	-30200	0.99921591635788542529	0
0.99971077348271264462	-30300	0.99921591635788542529	0
0.99971077348271264462	-30400	0.99921591635788542529	0
0.99971077348271264462	-30500	0.99921591635788542529	0
0.99971077348271264462	-30600	0.99921591635788542529	0
0.99971077348271264462	-30700	0.99921591635788542529	0
0.99971077348271264462	-30800	0.99921591635788542529	0
0.99971077348271264462	-30900	0.99921591635788542529	0
0.99971077348271264462	-31000	0.99921591635788542529	0
0.99971077348271264462	-31100	0.99921591635788542529	0
0.99971077348271264462	-31200	0.99921591635788542529	0
0.99971077348271264462	-31300	0.99921591635788542529	0
0.99971077348271264462	-31400	0.99921591635788542529	0
0.99971077348271264462	-31500	0.99921591635788542529	0
0.99971077348271264462	-31600	0.99921591635788542529	0
0.99971077348271264462	-31700	0.99921591635788542529	0
0.99971077348271264462	-31800	0.99921591635788542529	0
0.99971077348271264462	-31900	0.99921591635788542529	0
0.99971077348271264462	-32000	0.99921591635788542529	0
0.99971077348271264462	-32100	0.99921591635788542529	0
0.99971077348271264462	-32200	0.99921591635788542529	0
0.99971077348271264462	-32300	0.99921591635788542529	0
0.99971077348271264462	-32400	0.99921591635788542529	0
0.99971077348271264462	-32500	0.99921591635788542529	0
0.99971077348271264462	-32600	0.99921591635788542529	0
0.99971077348271264462	-32700	0.99921591635788542529	0
0.99971077348271264462	-32800	0.99921591635788542529	0
0.99971077348271264462	-32900	0.99921591635788542529	0
0.99971077348271264462	-33000	0.99921591635788542529	0
0.99971077348271264462	-33100	0.99921591635788542529	0
0.99971077348271264462	-33200	0.99921591635788542529	0
0.99971077348271264462	-33300	0.99921591635788542529	0
0.99971077348271264462	-33400	0.99921591635788542529	0
0.99971077348271264462	-33500	0.99921591635788542529	0
0.99971077348271264462	-33600	0.99921591635788542529	0
0.99971077348271264462	-33700	0.99921591635788542529	0
0.99971077348271264462	-33800	0.99921591635788542529	0
0.99971077348271264462	-33900	0.99921591635788542529	0
0.99971077348271264462	-34000	0.99921591635788542529	0
0.99971077348271264462	-34100	0.99921591635788542529	0
0.99971077348271264462	-34200	0.99921591635788542529	0
0.99971077348271264462	-34300	0.99921591635788542529	0
0.99971077348271264462	-34400	0.99921591635788542529	0
0.99971077348271264462	-34500	0.99921591635788542529	0
0.99971077348271264462	-34600	0.99921591635788542529	0
0.99971077348271264462	-34700	0.99921591635788542529	0
0.99971077348271264462	-34800	0.99921591635788542529	0
0.99971077348271264462	-34900	0.99921591635788542529	0
0.99971077348271264462	-35000	0.99921591635788542529	0
0.99971077348271264462	-35100	0.99921591635788542529	0
0.99971077348271264462	-35200	0.99921591635788542529	0
0.99971077348271264462	-35300	0.99921591635788542529	0
0.99971077348271264462	-35400	0.99921591635788542529	0
0.99971077348271264462	-35500	0.99921591635788542529	0
0.99971077348271264462	-35600	0.99921591635788542529	0
0.99971077348271264462	-35700	0.99921591635788542529	0
0.99971077348271264462	-35800	0.99921591635788542529	0
0.99971077348271264462	-35900	0.99921591635788542529	0
0.99971077348271264462	-36000	0.99921591635788542529	0
0.99971077348271264462	-36100	0.99921591635788542529	0
0.99971077348271264462	-36200	0.99921591635788542529	0
0.99971077348271264462	-36300	0.99921591635788542529	0
0.99971077348271264462	-36400	0.99921591635788542529	0
0.99971077348271264462	-36500	0.99921591635788542529	0
0.99971077348271264462	-36600	0.99921591635788542529	0
0.99971077348271264462	-36700	0.99921591635788542529	0
0.99971077348271264462	-36800	0.99921591635788542529	0
0.99971077348271264462	-36900	0.99921591635788542529	0
0.99971077348271264462	-37000	0.99921591635788542529	0
0.99971077348271264462	-37100	0.99921591635788542529	0
0.99971077348271264462	-37200	0.99921591635788542529	0
0.99971077348271264462	-37300	0.99921591635788542529	0
0.99971077348271264462	-37400	0.99921591635788542529	0
0.99971077348271264462	-37500	0.99921591635788542529	0
0.99971077348271264462	-37600	0.99921591635788542529	0
0.99971077348271264462	-37700	0.99921591635788542529	0
0.99971077348271264462	-37800	0.99921591635788542529	0
0.99971077348271264462	-37900	0.99921591635788542529	0
0.99971077348271264462	-38000	0.99921591635788542529	0
0.99971077348271264462	-38100	0.99921591635788542529	0
0.99971077348271264462	-38200	0.99921591635788542529	0
0.99971077348271264462	-38300	0.99921591635788542529	0
0.99971077348271264462	-38400	0.99921591635788542529	0
0.99971077348271264462	-38500	0.99921591635788542529	0
0.99971077348271264462	-38600	0.99921591635788542529	0
0.99971077348271264462	-38700	0.99921591635788542529	0
0.99971077348271264462	-38800	0.99921591635788542529	0
0.99971077348271264462	-38900	0.99921591635788542529	0
0.99971077348271264462	-39000	0.99921591635788542529	0
0.99971077348271264462	-39100	0.99921591635788542529	0
0.99971077348271264462	-39200	0.99921591635788542529	0
0.99971077348271264462	-39300	0.99921591635788542529	0
0.99971077348271264462	-39400	0.99921591635788542529	0
0.99971077348271264462	-39500	0.99921591635788542529	0
0.99971077348271264462	-39600	0.99921591635788542529	0
0.99971077348271264462	-39700	0.99921591635788542529	0
0.99971077348271264462	-39800	0.99921591635788542529	0
0.99971077348271264462	-39900	0.99921591635788542529	0
0.99971077348271264462	-40000	0.99921591635788542529	0
